0	1;12,2;16,3;42,5;99,7;54,9;26,10;27,11;86,14;70,15;82,16;23
1	0;12,2;35,4;83,5;88,6;75,7;83,8;22,10;29,16;99,18;30,19;75
2	0;16,1;35,3;80,4;30,5;99,6;69,7;1,9;48,13;1,17;89,19;59
3	0;42,2;80,4;57,7;1,8;46,10;83,11;72,12;31,13;81,14;61,15;12,17;90,18;39
5	0;99,1;88,2;99,8;73,11;46,12;39,13;67,14;56,17;17,19;55
7	0;54,1;83,2;1,3;1,4;56,6;11,9;10,12;64,14;98,16;86,19;86
9	0;26,2;48,4;14,7;10,10;13,11;1,12;92,13;50,14;99,15;78,19;28
10	0;27,1;29,3;83,6;73,8;72,9;13,11;49,12;10,14;43,15;54,16;13,17;2,19;11
11	0;86,3;72,5;46,6;63,8;5,9;1,10;49,12;89,13;86,17;54
14	0;70,3;61,4;35,5;56,6;37,7;98,9;99,10;43,12;40,16;70,18;59,19;82
15	0;82,3;12,4;73,8;15,9;78,10;54,16;66,17;32,19;82
16	0;23,1;99,6;74,7;86,8;67,10;13,12;97,13;24,14;70,15;66,17;4,19;95
4	1;83,2;30,3;57,6;78,7;56,8;75,9;14,13;65,14;35,15;73,17;25
6	1;75,2;69,4;78,7;11,10;73,11;63,12;47,14;37,16;74,17;5,19;12
8	1;22,3;46,4;75,5;73,10;72,11;5,12;29,15;15,16;67,17;58,19;60
18	1;30,3;39,12;34,14;59
19	1;75,2;59,5;55,6;12,7;86,8;60,9;28,10;11,13;7,14;82,15;82,16;95,17;65
13	2;1,3;81,4;65,5;67,9;50,11;86,16;24,19;7
17	2;89,3;90,4;25,5;17,6;5,8;58,10;2,11;54,15;32,16;4,19;65
12	3;31,5;39,6;47,7;64,8;29,9;92,10;10,11;89,14;40,16;97,18;34